0-C,4,1.0,0.3,1;B,1,0.4,0.5,3
10-D,4,1.0,1.0,5;B,3,0.5,0.5,3
18-F,5,0.1,0.8,4
23-A,4,0.1,0.3,1;B,4,1.0,0.5,2
27-D,1,0.2,1.0,4;C,3,0.2,0.3,3;H,4,0.9,0.3,2;F,3,0.1,0.8,3;I,5,0.2,0.7,3
32-H,1,0.4,0.3,1;I,1,0.3,0.7,3;B,4,0.2,0.5,5
38-F,2,0.3,0.8,1;J,2,0.7,0.3,4;B,3,0.6,0.5,4;D,2,0.7,1.0,2
46-D,3,0.6,1.0,1
55-F,3,0.6,0.8,2
64-F,4,0.8,0.8,2;A,1,0.5,0.3,1;G,4,0.6,0.8,1
74-H,2,0.9,0.3,3;D,5,0.4,1.0,2;G,3,0.5,0.8,1;B,5,0.4,0.5,3
83-B,1,0.6,0.5,1;F,2,0.9,0.8,2;H,1,0.8,0.3,3;J,1,1.0,0.3,1
93-G,3,0.7,0.8,5;F,2,0.9,0.8,5;E,3,0.9,0.5,4
97-A,5,0.3,0.3,2;F,5,0.7,0.8,3;I,3,1.0,0.7,5;D,4,1.0,1.0,3