1-H,1,0.6,0.2,3
5-A,1,0.7,0.9,5;E,4,0.4,0.9,5;G,4,0.4,0.1,2;C,2,0.3,0.3,1;B,4,0.6,0.1,5
6-B,3,0.6,0.1,5;D,2,0.6,0.1,4;E,2,1.0,0.9,5
7-G,3,0.6,0.1,4;A,4,0.6,0.9,5;B,1,0.8,0.1,3;C,4,0.1,0.3,1
11-F,4,0.2,0.3,2;H,4,0.2,0.2,5;D,4,1.0,0.1,2
13-D,5,0.8,0.1,3;B,3,0.6,0.1,5
18-E,2,0.1,0.9,2;B,3,0.5,0.1,3
20-H,4,0.7,0.2,2;A,1,0.8,0.9,1
22-D,4,0.7,0.1,5;F,2,0.1,0.3,3;H,4,0.4,0.2,4;G,3,0.3,0.1,2;A,5,0.2,0.9,4
27-H,3,0.6,0.2,4;A,3,0.9,0.9,1;C,5,0.2,0.3,2;F,2,0.5,0.3,5;G,5,0.5,0.1,5
31-C,5,0.2,0.3,5
36-H,4,0.4,0.2,2;F,3,0.2,0.3,1
40-C,4,0.9,0.3,1;A,5,0.7,0.9,3;B,5,0.5,0.1,1;D,1,0.3,0.1,1;G,5,1.0,0.1,2
42-F,3,0.9,0.3,4;D,4,0.6,0.1,5;B,2,0.9,0.1,2;C,4,0.6,0.3,3;E,1,0.8,0.9,2
45-H,2,0.5,0.2,4;C,2,0.8,0.3,5;A,4,0.2,0.9,3
46-H,1,1.0,0.2,3;F,1,0.3,0.3,1;C,1,0.6,0.3,3
47-F,5,1.0,0.3,5;A,3,0.6,0.9,4;C,2,0.4,0.3,2;E,3,0.2,0.9,5
50-F,3,0.8,0.3,4;H,1,0.9,0.2,2;B,4,0.7,0.1,4
51-B,5,0.6,0.1,2;F,3,0.7,0.3,3;D,4,0.6,0.1,5;C,5,0.8,0.3,2
53-C,4,0.9,0.3,4;B,3,1.0,0.1,5;E,5,1.0,0.9,3
55-E,4,0.5,0.9,2;A,1,0.4,0.9,2
60-G,2,0.8,0.1,3;D,4,0.7,0.1,2;B,2,0.1,0.1,1;F,1,0.5,0.3,3;A,1,0.4,0.9,5
64-E,5,0.6,0.9,3;B,5,0.8,0.1,3
68-C,5,0.3,0.3,3
71-B,2,0.3,0.1,1;C,3,1.0,0.3,1;A,1,0.4,0.9,5;E,5,0.3,0.9,3
75-A,1,0.2,0.9,5;F,3,0.3,0.3,5;B,5,0.2,0.1,1;H,4,0.5,0.2,5
76-G,1,0.6,0.1,3;A,5,1.0,0.9,4;E,5,1.0,0.9,5;H,3,0.3,0.2,5;C,5,0.5,0.3,4
81-E,4,1.0,0.9,5
86-E,4,0.8,0.9,2;B,5,0.8,0.1,5;A,2,0.9,0.9,2;D,3,0.6,0.1,3
89-D,1,0.1,0.1,3
92-E,4,0.4,0.9,4
